tempo_changes: {'time': array([0.]), 'tempo': array([121.29004087])}
end_time: 15.458812499999999
estimated_tempos: {'tempo': array([231.38407798, 184.82291943, 181.93506131, 181.93506131,
       202.15006812, 202.15006812, 194.0640654 , 181.93506131,
       161.7200545 ]), 'probabilities': array([0.57407407, 0.14814815, 0.05555556, 0.05555556, 0.0462963 ,
       0.0462963 , 0.03703704, 0.02777778, 0.00925926])}
estimated_tempo: 231.38407797643404
beats: [ 0.        0.494682  0.989364  1.484046  1.978728  2.47341   2.968092
  3.462774  3.957456  4.452138  4.94682   5.441502  5.936184  6.430866
  6.925548  7.42023   7.914912  8.409594  8.904276  9.398958  9.89364
 10.388322 10.883004 11.377686 11.872368 12.36705  12.861732 13.356414
 13.851096 14.345778 14.84046  15.335142]
beat_start: 1.236705
downbeats: [ 0.        1.978728  3.957456  5.936184  7.914912  9.89364  11.872368
 13.851096]
onsets: [ 1.05119925  1.236705    1.29854025  1.42221075  1.6077165   1.79322225
  1.79322225  1.978728    1.978728    2.04056325  2.1023985   2.1023985
  2.16423375  2.28790425  2.47341     2.53524525  2.53524525  2.65891575
  2.65891575  2.8444215   3.02992725  3.215433    3.40093875  3.5864445
  3.77195025  3.77195025  3.957456    4.14296175  4.14296175  4.3284675
  4.452138    4.452138    4.63764375  4.8231495   4.88498475  5.00865525
  5.194161    5.194161    5.37966675  5.5651725   5.5651725   5.75067825
  5.936184    5.936184    5.99801925  6.24536025  6.36903075  6.36903075
  6.36903075  6.5545365   6.5545365   6.74004225  6.8018775   6.8018775
  6.86371275  7.11105375  7.11105375  7.2965595   7.5439005   7.5439005
  7.60573575  7.7912415   7.97674725  7.97674725  7.97674725  8.162253
  8.162253    8.409594    8.409594    8.47142925  8.47142925  8.59509975
  8.656935    8.656935    8.71877025  8.84244075  8.84244075  8.96611125
  9.08978175  9.2752875   9.398958    9.398958    9.5226285   9.5226285
  9.646299    9.7699695   9.89364     9.89364     9.95547525  9.95547525
 10.0173105  10.0173105  10.140981   10.20281625 10.20281625 10.32648675
 10.32648675 10.5119925  10.69749825 10.69749825 10.69749825 10.69749825
 10.82116875 10.82116875 10.82116875 10.94483925 10.94483925 11.0066745
 11.0066745  11.06850975 11.06850975 11.130345   11.130345   11.2540155
 11.2540155  11.2540155  11.377686   11.377686   11.5013565  11.5013565
 11.625027   11.625027   11.625027   11.68686225 11.68686225 11.81053275
 11.81053275 11.93420325 11.93420325 11.93420325 11.93420325 11.93420325
 12.05787375 12.05787375 12.05787375 12.05787375 12.05787375 12.18154425
 12.2433795  12.2433795  12.36705    12.36705    12.36705    12.36705
 12.4907205  12.4907205  12.614391   12.614391   12.614391   12.67622625
 12.67622625 12.79989675 12.79989675 12.92356725 12.92356725 12.92356725
 13.04723775 13.04723775 13.04723775 13.04723775 13.109073   13.109073
 13.109073   13.2327435  13.2327435  13.2327435  13.2327435  13.29457875
 13.4800845  13.4800845  13.4800845  13.603755   13.603755   13.603755
 13.7274255  13.7274255  13.851096   13.851096   13.851096   13.9747665
 14.098437   14.098437   14.098437   14.16027225 14.16027225 14.28394275
 14.28394275 14.40761325 14.40761325 14.593119   14.593119   14.77862475
 14.77862475 14.90229525 14.9641305  14.9641305  15.087801   15.2114715
 15.2114715  15.335142  ]
file_size: 1468
