tempo_changes: {'time': array([0.]), 'tempo': array([121.29004087])}
end_time: 27.764027249999998
estimated_tempos: {'tempo': array([242.15820335, 184.82291943, 181.93506131, 202.15006812,
       186.60006288, 161.7200545 ]), 'probabilities': array([0.896875, 0.05    , 0.01875 , 0.015625, 0.015625, 0.003125])}
estimated_tempo: 242.15820334644505
beats: [ 0.        0.494682  0.989364  1.484046  1.978728  2.47341   2.968092
  3.462774  3.957456  4.452138  4.94682   5.441502  5.936184  6.430866
  6.925548  7.42023   7.914912  8.409594  8.904276  9.398958  9.89364
 10.388322 10.883004 11.377686 11.872368 12.36705  12.861732 13.356414
 13.851096 14.345778 14.84046  15.335142 15.829824 16.324506 16.819188
 17.31387  17.808552 18.303234 18.797916 19.292598 19.78728  20.281962
 20.776644 21.271326 21.766008 22.26069  22.755372 23.250054 23.744736
 24.239418 24.7341   25.228782 25.723464 26.218146 26.712828 27.20751
 27.702192]
beat_start: 1.9787279999999998
downbeats: [ 0.        1.978728  3.957456  5.936184  7.914912  9.89364  11.872368
 13.851096 15.829824 17.808552 19.78728  21.766008 23.744736 25.723464
 27.702192]
onsets: [ 1.05119925  1.236705    1.29854025  1.42221075  1.6077165   1.79322225
  1.79322225  1.978728    1.978728    2.04056325  2.1023985   2.1023985
  2.16423375  2.28790425  2.47341     2.53524525  2.53524525  2.65891575
  2.65891575  2.8444215   3.02992725  3.215433    3.40093875  3.5864445
  3.77195025  3.957456    3.957456    4.14296175  4.3284675   4.3284675
  4.51397325  4.63764375  4.76131425  4.94682     4.94682     5.13232575
  5.3178315   5.3178315   5.441502    5.5651725   5.688843    5.87434875
  6.0598545   6.183525    6.3071955   6.430866    6.5545365   6.678207
  6.8018775   6.925548    7.0492185   7.172889    7.2965595   7.35839475
  7.48206525  7.60573575  7.72940625  7.7912415   7.914912    8.0385825
  8.10041775  8.22408825  8.34775875  8.409594    8.47142925  8.5332645
  8.59509975  8.656935    8.71877025  8.7806055   8.84244075  8.904276
  8.96611125  9.0279465   9.08978175  9.151617    9.21345225  9.2752875
  9.33712275  9.398958    9.5226285   9.58446375  9.646299    9.70813425
  9.7699695   9.83180475  9.89364     9.95547525 10.0173105  10.07914575
 10.140981   10.20281625 10.2646515  10.388322   10.45015725 10.57382775
 10.635663   10.7593335  10.883004   10.94483925 11.0066745  11.06850975
 11.130345   11.19218025 11.2540155  11.377686   11.43952125 11.5013565
 11.56319175 11.68686225 11.7486975  11.81053275 11.872368   11.93420325
 11.9960385  12.119709   12.18154425 12.2433795  12.30521475 12.36705
 12.42888525 12.4907205  12.55255575 12.614391   12.7380615  12.79989675
 12.861732   12.92356725 12.9854025  13.04723775 13.17090825 13.2327435
 13.29457875 13.356414   13.4800845  13.54191975 13.603755   13.66559025
 13.7274255  13.78926075 13.851096   13.91293125 14.03660175 14.098437
 14.16027225 14.2221075  14.28394275 14.40761325 14.4694485  14.53128375
 14.593119   14.7167895  14.77862475 14.84046    14.90229525 14.9641305
 15.087801   15.14963625 15.27330675 15.335142   15.4588125  15.52064775
 15.64431825 15.7061535  15.76798875 15.829824   15.89165925 15.9534945
 16.01532975 16.077165   16.077165   16.13900025 16.2008355  16.26267075
 16.324506   16.4481765  16.51001175 16.51001175 16.571847   16.63368225
 16.6955175  16.75735275 16.819188   16.9428585  17.00469375 17.066529
 17.1901995  17.25203475 17.31387    17.37570525 17.37570525 17.4375405
 17.62304625 17.6848815  17.74671675 17.808552   17.87038725 17.9322225
 17.99405775 18.055893   18.055893   18.11772825 18.1795635  18.303234
 18.36506925 18.4269045  18.48873975 18.550575   18.61241025 18.6742455
 18.73608075 18.85975125 18.9215865  19.045257   19.1689275  19.23076275
 19.292598   19.4162685  19.47810375 19.539939   19.6636095  19.72544475
 19.78728    19.9109505  20.034621   20.09645625 20.1582915  20.22012675
 20.281962   20.34379725 20.4056325  20.46746775 20.529303   20.59113825
 20.6529735  20.71480875 20.776644   20.83847925 20.9003145  20.96214975
 21.023985   21.1476555  21.20949075 21.271326   21.33316125 21.3949965
 21.45683175 21.58050225 21.6423375  21.766008   21.8896785  21.95151375
 22.013349   22.07518425 22.19885475 22.26069    22.3843605  22.3843605
 22.508031   22.56986625 22.69353675 22.755372   22.8790425  22.94087775
 23.002713   23.06454825 23.1263835  23.18821875 23.250054   23.31188925
 23.3737245  23.43555975 23.497395   23.55923025 23.6210655  23.68290075
 23.744736   23.80657125 23.8684065  23.93024175 23.992077   24.05391225
 24.1157475  24.17758275 24.239418   24.30125325 24.3630885  24.42492375
 24.54859425 24.54859425 24.6104295  24.7341     24.79593525 24.8577705
 24.91960575 24.981441   25.04327625 25.1051115  25.16694675 25.228782
 25.29061725 25.3524525  25.41428775 25.476123   25.53795825 25.5997935
 25.66162875 25.723464   25.78529925 25.8471345  25.90896975 25.970805
 26.03264025 26.0944755  26.15631075 26.27998125 26.3418165  26.40365175
 26.465487   26.5891575  26.65099275 26.77466325 26.8364985  26.89833375
 26.960169   27.02200425 27.0838395  27.14567475 27.26934525 27.3311805
 27.39301575 27.454851   27.51668625 27.5785215  27.64035675 27.702192  ]
file_size: 2722
