tempo_changes: {'time': array([0.]), 'tempo': array([121.29004087])}
end_time: 29.495414249999996
estimated_tempos: {'tempo': array([235.87897452, 179.68894944, 213.79939408, 179.68894944,
       188.67339692, 178.74321813, 178.74321813, 205.82552391,
       178.74321813, 205.82552391, 186.60006288, 176.42187764,
       181.93506131, 194.0640654 , 194.0640654 , 207.92578436,
       194.0640654 ,  97.0320327 , 121.29004087, 161.7200545 ]), 'probabilities': array([0.44221106, 0.10050251, 0.06532663, 0.05025126, 0.03517588,
       0.03517588, 0.03517588, 0.03517588, 0.03517588, 0.03517588,
       0.02512563, 0.0201005 , 0.01507538, 0.01507538, 0.01507538,
       0.01507538, 0.01005025, 0.00502513, 0.00502513, 0.00502513])}
estimated_tempo: 235.8789745188385
beats: [ 0.        0.494682  0.989364  1.484046  1.978728  2.47341   2.968092
  3.462774  3.957456  4.452138  4.94682   5.441502  5.936184  6.430866
  6.925548  7.42023   7.914912  8.409594  8.904276  9.398958  9.89364
 10.388322 10.883004 11.377686 11.872368 12.36705  12.861732 13.356414
 13.851096 14.345778 14.84046  15.335142 15.829824 16.324506 16.819188
 17.31387  17.808552 18.303234 18.797916 19.292598 19.78728  20.281962
 20.776644 21.271326 21.766008 22.26069  22.755372 23.250054 23.744736
 24.239418 24.7341   25.228782 25.723464 26.218146 26.712828 27.20751
 27.702192 28.196874 28.691556 29.186238]
beat_start: 1.9787279999999998
downbeats: [ 0.        1.978728  3.957456  5.936184  7.914912  9.89364  11.872368
 13.851096 15.829824 17.808552 19.78728  21.766008 23.744736 25.723464
 27.702192]
onsets: [ 1.05119925  1.236705    1.29854025  1.42221075  1.6077165   1.79322225
  1.79322225  1.978728    1.978728    2.04056325  2.1023985   2.1023985
  2.16423375  2.28790425  2.47341     2.53524525  2.53524525  2.65891575
  2.65891575  2.8444215   3.02992725  3.215433    3.40093875  3.5864445
  3.77195025  3.77195025  3.957456    4.14296175  4.14296175  4.3284675
  4.452138    4.452138    4.63764375  4.8231495   4.88498475  5.00865525
  5.194161    5.194161    5.37966675  5.5651725   5.5651725   5.75067825
  5.936184    5.936184    6.12168975  6.3071955   6.3071955   6.49270125
  6.678207    6.678207    6.8018775   7.0492185   7.0492185   7.23472425
  7.35839475  7.35839475  7.60573575  7.72940625  7.72940625  7.914912
  8.10041775  8.10041775  8.2859235   8.47142925  8.47142925  8.656935
  8.84244075  8.84244075  9.0279465   9.21345225  9.21345225  9.398958
  9.58446375  9.58446375  9.7699695   9.95547525  9.95547525  9.95547525
 10.140981   10.32648675 10.32648675 10.45015725 10.635663   10.635663
 10.69749825 10.7593335  10.82116875 11.0066745  11.19218025 11.31585075
 11.377686   11.377686   11.56319175 11.7486975  11.93420325 12.119709
 12.30521475 12.4907205  12.4907205  12.55255575 12.67622625 12.79989675
 12.92356725 13.109073   13.41824925 13.54191975 13.851096   14.03660175
 14.2221075  14.28394275 14.593119   14.77862475 14.84046    14.84046
 15.087801   15.087801   15.39697725 15.52064775 15.76798875 15.9534945
 16.01532975 16.2008355  16.38634125 16.63368225 16.63368225 16.63368225
 16.75735275 16.75735275 16.75735275 16.88102325 16.88102325 17.00469375
 17.12836425 17.12836425 17.25203475 17.25203475 17.4375405  17.49937575
 17.561211   17.808552   17.99405775 18.303234   18.303234   18.303234
 18.550575   18.550575   18.550575   19.045257   19.045257   19.045257
 19.045257   19.045257   19.6636095  19.6636095  19.6636095  19.97278575
 20.1582915  20.46746775 20.46746775 20.46746775 20.46746775 20.71480875
 20.71480875 20.776644   20.776644   20.83847925 20.9003145  20.96214975
 21.023985   21.023985   21.08582025 21.1476555  21.1476555  21.1476555
 21.3949965  21.3949965  21.3949965  21.518667   21.518667   21.518667
 21.58050225 21.58050225 21.766008   21.766008   21.766008   21.766008
 21.8896785  21.8896785  21.8896785  22.013349   22.013349   22.013349
 22.1370195  22.26069    22.26069    22.26069    22.3843605  22.44619575
 22.508031   22.56986625 22.56986625 22.69353675 22.755372   22.755372
 22.8790425  22.8790425  23.002713   23.06454825 23.1263835  23.18821875
 23.31188925 23.3737245  23.3737245  23.43555975 23.497395   23.55923025
 23.6210655  23.6210655  23.68290075 23.68290075 23.744736   23.8684065
 23.8684065  23.8684065  23.93024175 23.992077   23.992077   24.1157475
 24.1157475  24.239418   24.3630885  24.3630885  24.42492375 24.42492375
 24.54859425 24.6104295  24.67226475 24.7341     24.79593525 24.8577705
 24.8577705  24.8577705  24.8577705  24.981441   25.04327625 25.16694675
 25.228782   25.29061725 25.3524525  25.41428775 25.41428775 25.476123
 25.53795825 25.5997935  25.66162875 25.78529925 25.90896975 25.970805
 26.0944755  26.218146   26.3418165  26.40365175 26.52732225 26.52732225
 26.52732225 26.52732225 26.5891575  26.65099275 26.65099275 26.65099275
 26.712828   26.77466325 26.77466325 26.77466325 26.77466325 26.77466325
 26.8364985  26.8364985  26.960169   27.02200425 27.14567475 27.14567475
 27.14567475 27.14567475 27.20751    27.3311805  27.3311805  27.39301575
 27.39301575 27.51668625 27.51668625 27.51668625 27.5785215  27.76402725
 27.76402725 27.8258625  27.949533   28.13503875 28.196874   28.196874
 28.196874   28.196874   28.196874   28.38237975 28.62972075 28.62972075
 29.00073225 29.00073225]
file_size: 2272
