tempo_changes: {'time': array([0.]), 'tempo': array([121.29004087])}
end_time: 31.288636499999996
estimated_tempos: {'tempo': array([239.52491699, 197.65784439, 202.15006812, 186.60006288,
       215.62673933, 194.0640654 , 194.0640654 , 194.0640654 ,
       161.7200545 ]), 'probabilities': array([0.90184049, 0.03374233, 0.01533742, 0.01533742, 0.01226994,
       0.00613497, 0.00613497, 0.00613497, 0.00306748])}
estimated_tempo: 239.52491699193706
beats: [ 0.        0.494682  0.989364  1.484046  1.978728  2.47341   2.968092
  3.462774  3.957456  4.452138  4.94682   5.441502  5.936184  6.430866
  6.925548  7.42023   7.914912  8.409594  8.904276  9.398958  9.89364
 10.388322 10.883004 11.377686 11.872368 12.36705  12.861732 13.356414
 13.851096 14.345778 14.84046  15.335142 15.829824 16.324506 16.819188
 17.31387  17.808552 18.303234 18.797916 19.292598 19.78728  20.281962
 20.776644 21.271326 21.766008 22.26069  22.755372 23.250054 23.744736
 24.239418 24.7341   25.228782 25.723464 26.218146 26.712828 27.20751
 27.702192 28.196874 28.691556 29.186238 29.68092  30.175602 30.670284
 31.164966]
beat_start: 1.9787279999999998
downbeats: [ 0.        1.978728  3.957456  5.936184  7.914912  9.89364  11.872368
 13.851096 15.829824 17.808552 19.78728  21.766008 23.744736 25.723464
 27.702192 29.68092 ]
onsets: [ 1.05119925  1.236705    1.29854025  1.42221075  1.6077165   1.79322225
  1.79322225  1.978728    1.978728    2.04056325  2.1023985   2.1023985
  2.16423375  2.28790425  2.47341     2.53524525  2.53524525  2.65891575
  2.65891575  2.8444215   3.02992725  3.27726825  3.27726825  3.462774
  3.52460925  3.52460925  3.710115    3.89562075  4.01929125  4.204797
  4.3284675   4.452138    4.5758085   4.5758085   4.76131425  4.94682
  4.94682     4.94682     5.13232575  5.194161    5.3178315   5.37966675
  5.5651725   5.688843    5.75067825  5.87434875  5.936184    5.936184
  6.0598545   6.12168975  6.24536025  6.3071955   6.430866    6.430866
  6.5545365   6.678207    6.8018775   6.8018775   6.925548    7.0492185
  7.172889    7.23472425  7.35839475  7.42023     7.5439005   7.60573575
  7.72940625  7.85307675  7.914912    7.97674725  8.0385825   8.162253
  8.22408825  8.2859235   8.409594    8.47142925  8.5332645   8.59509975
  8.656935    8.7806055   8.84244075  8.904276    8.96611125  9.0279465
  9.08978175  9.08978175  9.151617    9.2752875   9.33712275  9.398958
  9.46079325  9.58446375  9.646299    9.70813425  9.7699695   9.83180475
  9.89364     9.95547525 10.0173105  10.07914575 10.140981   10.2646515
 10.32648675 10.388322   10.45015725 10.5119925  10.57382775 10.635663
 10.69749825 10.7593335  10.82116875 10.883004   10.94483925 10.94483925
 11.0066745  11.06850975 11.130345   11.19218025 11.2540155  11.31585075
 11.377686   11.43952125 11.5013565  11.56319175 11.625027   11.68686225
 11.81053275 11.872368   11.93420325 11.9960385  12.05787375 12.119709
 12.18154425 12.2433795  12.30521475 12.36705    12.42888525 12.55255575
 12.67622625 12.7380615  12.79989675 12.861732   12.92356725 12.9854025
 13.109073   13.17090825 13.2327435  13.29457875 13.356414   13.4800845
 13.54191975 13.603755   13.7274255  13.91293125 13.9747665  14.03660175
 14.098437   14.098437   14.2221075  14.28394275 14.40761325 14.4694485
 14.53128375 14.65495425 14.7167895  14.77862475 14.84046    14.90229525
 14.90229525 14.9641305  15.087801   15.2114715  15.2114715  15.27330675
 15.27330675 15.335142   15.335142   15.4588125  15.52064775 15.64431825
 15.64431825 15.7061535  15.76798875 15.829824   15.9534945  16.01532975
 16.01532975 16.13900025 16.2008355  16.26267075 16.324506   16.324506
 16.4481765  16.571847   16.63368225 16.75735275 16.819188   16.88102325
 16.9428585  17.066529   17.1901995  17.1901995  17.1901995  17.25203475
 17.31387    17.4375405  17.561211   17.6848815  17.74671675 17.808552
 17.9322225  17.99405775 18.1795635  18.24139875 18.550575   18.550575
 18.61241025 18.6742455  18.73608075 18.85975125 18.9215865  18.98342175
 19.045257   19.10709225 19.1689275  19.292598   19.35443325 19.47810375
 19.539939   19.60177425 19.72544475 19.78728    19.9109505  19.97278575
 20.034621   20.1582915  20.22012675 20.281962   20.34379725 20.4056325
 20.46746775 20.59113825 20.71480875 20.776644   20.83847925 20.96214975
 21.08582025 21.1476555  21.271326   21.3949965  21.58050225 21.6423375
 21.766008   21.82784325 21.8896785  22.013349   22.07518425 22.19885475
 22.26069    22.32252525 22.44619575 22.56986625 22.69353675 22.755372
 22.8790425  23.002713   23.06454825 23.18821875 23.3737245  23.497395
 23.6210655  23.68290075 23.744736   23.8684065  23.93024175 24.05391225
 24.17758275 24.239418   24.42492375 24.54859425 24.6104295  24.7341
 24.79593525 24.981441   25.04327625 25.1051115  25.228782   25.3524525
 25.476123   25.5997935  25.723464   25.8471345  25.970805   26.0944755
 26.218146   26.218146   26.40365175 26.40365175 26.52732225 26.52732225
 26.65099275 26.65099275 26.77466325 26.89833375 26.960169   26.960169
 27.02200425 27.0838395  27.14567475 27.14567475 27.26934525 27.3311805
 27.454851   27.51668625 27.5785215  27.64035675 27.702192   27.76402725
 27.8258625  27.88769775 27.949533   28.01136825 28.0732035  28.13503875
 28.25870925 28.3205445  28.38237975 28.444215   28.5678855  28.62972075
 28.691556   28.75339125 28.8152265  28.87706175 28.938897   29.00073225
 29.0625675  29.186238   29.24807325 29.3099085  29.433579   29.5572495
 29.61908475 29.74275525 29.86642575 29.928261   29.99009625 30.0519315
 30.175602   30.23743725 30.36110775 30.422943   30.5466135  30.60844875
 30.73211925 30.85578975 30.97946025 31.10313075 31.22680125]
file_size: 2858
