tempo_changes: {'time': array([0.]), 'tempo': array([120.])}
end_time: 13.75
estimated_tempos: {'tempo': array([170.84745763, 170.32258065, 171.42857143, 171.42857143,
       171.42857143, 171.42857143, 171.42857143, 171.42857143,
       174.54545455, 192.        , 180.        , 240.        ,
       160.        ]), 'probabilities': array([0.26582278, 0.13924051, 0.12658228, 0.06329114, 0.06329114,
       0.06329114, 0.06329114, 0.06329114, 0.05063291, 0.03797468,
       0.03797468, 0.01265823, 0.01265823])}
estimated_tempo: 170.84745762711864
beats: [ 0.   0.5  1.   1.5  2.   2.5  3.   3.5  4.   4.5  5.   5.5  6.   6.5
  7.   7.5  8.   8.5  9.   9.5 10.  10.5 11.  11.5 12.  12.5 13.  13.5]
beat_start: 1.0
downbeats: [ 0.  2.  4.  6.  8. 10. 12.]
onsets: [ 0.      0.1875  0.25    0.375   0.5625  0.75    0.75    0.9375  0.9375
  1.      1.0625  1.0625  1.125   1.25    1.4375  1.5     1.5     1.625
  1.625   1.8125  2.      2.1875  2.375   2.5625  2.75    2.9375  3.0625
  3.25    3.4375  3.625   3.8125  3.8125  4.      4.1875  4.375   4.5625
  4.75    4.9375  5.125   5.3125  5.5     5.5     5.6875  5.875   6.0625
  6.25    6.4375  6.4375  6.625   6.75    6.9375  6.9375  7.125   7.3125
  7.5     7.6875  7.875   7.9375  8.125   8.3125  8.5     8.625   8.8125
  9.      9.125   9.3125  9.5     9.6875  9.875  10.0625 10.25   10.4375
 10.625  10.8125 11.     11.1875 11.375  11.5625 11.6875 11.875  12.0625
 12.25   12.375  12.5625 12.8125 12.8125 13.     13.1875 13.5    13.5
 13.625 ]
file_size: 754
