tempo_changes: {'time': array([0.]), 'tempo': array([121.29004087])}
end_time: 11.068509749999999
estimated_tempos: {'tempo': array([239.58526593, 181.93506131, 181.93506131, 181.93506131,
       181.93506131, 181.93506131, 161.7200545 ]), 'probabilities': array([0.54054054, 0.24324324, 0.08108108, 0.04054054, 0.04054054,
       0.04054054, 0.01351351])}
estimated_tempo: 239.5852659254199
beats: [ 0.        0.494682  0.989364  1.484046  1.978728  2.47341   2.968092
  3.462774  3.957456  4.452138  4.94682   5.441502  5.936184  6.430866
  6.925548  7.42023   7.914912  8.409594  8.904276  9.398958  9.89364
 10.388322 10.883004]
beat_start: 1.4222107499999999
downbeats: [0.       1.978728 3.957456 5.936184 7.914912 9.89364 ]
onsets: [ 1.05119925  1.236705    1.29854025  1.42221075  1.6077165   1.79322225
  1.79322225  1.978728    1.978728    2.04056325  2.1023985   2.1023985
  2.16423375  2.28790425  2.47341     2.53524525  2.53524525  2.65891575
  2.65891575  2.8444215   3.02992725  3.215433    3.40093875  3.5864445
  3.77195025  3.77195025  3.957456    4.204797    4.39030275  4.39030275
  4.5758085   4.5758085   4.8231495   4.8231495   5.00865525  5.00865525
  5.194161    5.37966675  5.37966675  5.5651725   5.75067825  5.936184
  5.936184    5.99801925  6.183525    6.36903075  6.36903075  6.5545365
  6.8018775   6.925548    6.925548    7.0492185   7.172889    7.23472425
  7.23472425  7.35839475  7.42023     7.48206525  7.5439005   7.60573575
  7.72940625  7.85307675  7.97674725  7.97674725  8.10041775  8.10041775
  8.22408825  8.34775875  8.47142925  8.59509975  8.71877025  8.71877025
  8.84244075  8.904276    9.0279465   9.151617    9.151617    9.2752875
  9.33712275  9.398958    9.46079325  9.58446375  9.58446375  9.70813425
  9.83180475  9.95547525 10.07914575 10.07914575 10.2646515  10.32648675
 10.388322   10.5119925  10.635663   10.7593335  10.883004   10.883004
 11.0066745 ]
file_size: 794
